   7.4960235e-01   2.2977520e-02   3.5098152e-02   8.5767438e-02   0.0000000e+00   0.0000000e+00   0.0000000e+00   0.0000000e+00   4.6334403e-02   4.4681261e-02   0.0000000e+00   0.0000000e+00   2.4578560e-02   0.0000000e+00   2.0447465e-02   0.0000000e+00   1.2468598e-02   0.0000000e+00   0.0000000e+00   0.0000000e+00   1.7740956e-02   2.4422217e-02   0.0000000e+00   6.8620608e-02   0.0000000e+00   2.0943330e-02   0.0000000e+00   0.0000000e+00   1.2275022e-02   0.0000000e+00   1.7421044e-02
   0.0000000e+00   6.4202458e-01   0.0000000e+00   9.8584306e-02   0.0000000e+00   0.0000000e+00   0.0000000e+00   0.0000000e+00   6.2139029e-02   4.6696349e-02   0.0000000e+00   0.0000000e+00   0.0000000e+00   0.0000000e+00   6.5057419e-02   0.0000000e+00   8.9870526e-03   0.0000000e+00   0.0000000e+00   0.0000000e+00   4.7521085e-02   3.4819149e-02   0.0000000e+00   9.7296387e-02   0.0000000e+00   1.2201444e-01   0.0000000e+00   0.0000000e+00   4.5038866e-02   0.0000000e+00   2.1398866e-02
   0.0000000e+00   1.4942528e-02   7.0663737e-01   3.1296377e-02   4.8571209e-02   0.0000000e+00   4.8777702e-02   7.2889920e-03   3.6638035e-02   4.9090332e-02   9.8595370e-02   0.0000000e+00   0.0000000e+00   0.0000000e+00   0.0000000e+00   0.0000000e+00   5.4303966e-02   0.0000000e+00   0.0000000e+00   2.8058078e-03   5.7257571e-02   0.0000000e+00   0.0000000e+00   0.0000000e+00   0.0000000e+00   5.8679674e-04   0.0000000e+00   0.0000000e+00   0.0000000e+00   0.0000000e+00   3.3915237e-02
   0.0000000e+00   0.0000000e+00   0.0000000e+00   3.1080019e-01   0.0000000e+00   0.0000000e+00   0.0000000e+00   0.0000000e+00   7.6407330e-02   7.0567323e-02   0.0000000e+00   0.0000000e+00   1.1630491e-01   0.0000000e+00   9.3856003e-02   0.0000000e+00   8.3500418e-03   0.0000000e+00   0.0000000e+00   0.0000000e+00   1.4130497e-02   1.0831590e-02   0.0000000e+00   3.7698306e-02   0.0000000e+00   0.0000000e+00   0.0000000e+00   0.0000000e+00   2.5633659e-02   0.0000000e+00   3.7633784e-03
   0.0000000e+00   1.7654046e-04   1.1209063e-02   4.6240557e-02   7.1446054e-01   3.4250267e-02   8.3822135e-02   0.0000000e+00   0.0000000e+00   0.0000000e+00   0.0000000e+00   0.0000000e+00   1.6998666e-02   0.0000000e+00   1.0058274e-01   0.0000000e+00   1.3891985e-02   0.0000000e+00   0.0000000e+00   0.0000000e+00   1.1469571e-01   0.0000000e+00   0.0000000e+00   3.4006450e-02   0.0000000e+00   5.0780686e-02   0.0000000e+00   0.0000000e+00   1.9649789e-02   0.0000000e+00   0.0000000e+00
   0.0000000e+00   0.0000000e+00   2.4218452e-03   8.2863898e-03   0.0000000e+00   7.6680347e-01   0.0000000e+00   0.0000000e+00   4.6501746e-02   1.1890282e-02   0.0000000e+00   0.0000000e+00   3.6007480e-02   0.0000000e+00   1.3272652e-01   0.0000000e+00   1.9167971e-02   0.0000000e+00   0.0000000e+00   0.0000000e+00   1.1125655e-02   1.6485050e-02   0.0000000e+00   1.0510252e-03   0.0000000e+00   5.6872209e-02   5.1738963e-02   0.0000000e+00   2.2320215e-02   0.0000000e+00   9.4392298e-03
   0.0000000e+00   2.0888524e-02   0.0000000e+00   0.0000000e+00   0.0000000e+00   0.0000000e+00   8.6366093e-01   3.3261210e-02   2.0555246e-02   0.0000000e+00   0.0000000e+00   0.0000000e+00   0.0000000e+00   0.0000000e+00   0.0000000e+00   0.0000000e+00   0.0000000e+00   0.0000000e+00   0.0000000e+00   0.0000000e+00   8.8745612e-02   1.6101855e-02   0.0000000e+00   2.2132681e-02   0.0000000e+00   8.3106713e-03   0.0000000e+00   0.0000000e+00   2.6266283e-02   0.0000000e+00   1.5139967e-02
   0.0000000e+00   0.0000000e+00   3.1136084e-02   6.0064394e-02   0.0000000e+00   0.0000000e+00   1.3204434e-01   8.1966405e-01   0.0000000e+00   7.6056836e-02   0.0000000e+00   0.0000000e+00   3.7101920e-02   0.0000000e+00   1.9293561e-02   0.0000000e+00   1.0491701e-01   0.0000000e+00   0.0000000e+00   0.0000000e+00   5.4504672e-02   3.3814592e-02   0.0000000e+00   2.6536357e-02   0.0000000e+00   1.6286456e-02   0.0000000e+00   0.0000000e+00   7.7201359e-02   0.0000000e+00   2.6080884e-04
   0.0000000e+00   5.4602859e-02   2.7195369e-02   0.0000000e+00   0.0000000e+00   0.0000000e+00   2.0087278e-03   0.0000000e+00   9.3027028e-02   7.1786637e-02   0.0000000e+00   0.0000000e+00   2.8223691e-03   0.0000000e+00   2.7055231e-02   0.0000000e+00   0.0000000e+00   0.0000000e+00   0.0000000e+00   0.0000000e+00   1.0165608e-01   2.2746854e-03   0.0000000e+00   3.3209998e-03   0.0000000e+00   7.6665773e-02   0.0000000e+00   0.0000000e+00   2.9955665e-02   0.0000000e+00   0.0000000e+00
   0.0000000e+00   0.0000000e+00   0.0000000e+00   1.3841666e-02   0.0000000e+00   0.0000000e+00   8.2415332e-03   0.0000000e+00   9.0230252e-02   5.8147872e-01   0.0000000e+00   0.0000000e+00   8.0255561e-03   0.0000000e+00   8.9433693e-03   0.0000000e+00   1.4900045e-02   0.0000000e+00   0.0000000e+00   0.0000000e+00   0.0000000e+00   7.0212651e-03   0.0000000e+00   0.0000000e+00   0.0000000e+00   8.3886889e-03   0.0000000e+00   0.0000000e+00   2.8587938e-02   0.0000000e+00   8.9083113e-03
   0.0000000e+00   1.4995281e-02   2.1202555e-02   7.0680489e-03   0.0000000e+00   0.0000000e+00   0.0000000e+00   0.0000000e+00   2.0771406e-02   1.0873546e-02   6.7220720e-01   0.0000000e+00   0.0000000e+00   0.0000000e+00   1.2651654e-02   0.0000000e+00   1.0850354e-02   0.0000000e+00   0.0000000e+00   0.0000000e+00   0.0000000e+00   5.2156548e-02   0.0000000e+00   4.9715930e-02   0.0000000e+00   3.9825066e-02   0.0000000e+00   0.0000000e+00   1.1096415e-01   0.0000000e+00   0.0000000e+00
   0.0000000e+00   0.0000000e+00   2.5607867e-02   7.1485304e-02   0.0000000e+00   0.0000000e+00   6.4123941e-03   0.0000000e+00   2.4553370e-02   2.7341338e-02   0.0000000e+00   7.4194875e-01   0.0000000e+00   0.0000000e+00   1.7409252e-02   0.0000000e+00   6.2154598e-03   0.0000000e+00   0.0000000e+00   0.0000000e+00   1.7069894e-02   5.3229085e-02   0.0000000e+00   2.0154027e-02   0.0000000e+00   3.6330590e-02   0.0000000e+00   0.0000000e+00   4.9462729e-02   0.0000000e+00   0.0000000e+00
   0.0000000e+00   9.0512651e-03   1.8849459e-02   0.0000000e+00   0.0000000e+00   0.0000000e+00   2.2802074e-03   0.0000000e+00   0.0000000e+00   8.9845807e-03   0.0000000e+00   0.0000000e+00   6.0480365e-01   0.0000000e+00   0.0000000e+00   0.0000000e+00   0.0000000e+00   2.1185401e-02   0.0000000e+00   0.0000000e+00   0.0000000e+00   0.0000000e+00   0.0000000e+00   0.0000000e+00   0.0000000e+00   0.0000000e+00   0.0000000e+00   0.0000000e+00   0.0000000e+00   0.0000000e+00   0.0000000e+00
   0.0000000e+00   9.2399616e-02   0.0000000e+00   2.3974630e-02   0.0000000e+00   0.0000000e+00   5.6390861e-03   0.0000000e+00   8.9081668e-03   9.1239134e-02   4.3999149e-05   1.0976528e-01   1.3180064e-03   7.3820459e-01   3.1426852e-02   0.0000000e+00   0.0000000e+00   0.0000000e+00   0.0000000e+00   0.0000000e+00   1.7398916e-01   1.2054790e-02   1.2204930e-02   1.1172651e-01   1.0292270e-01   0.0000000e+00   0.0000000e+00   0.0000000e+00   1.0243404e-02   2.9212238e-02   1.5574352e-02
   0.0000000e+00   1.3389475e-02   3.0588899e-02   1.8926770e-02   0.0000000e+00   0.0000000e+00   0.0000000e+00   0.0000000e+00   2.0933629e-02   1.7842289e-02   0.0000000e+00   0.0000000e+00   1.2645635e-01   0.0000000e+00   1.3737589e-01   0.0000000e+00   1.5038821e-02   0.0000000e+00   3.8558152e-02   0.0000000e+00   9.8394396e-02   0.0000000e+00   0.0000000e+00   3.4805629e-02   0.0000000e+00   1.1269149e-01   0.0000000e+00   0.0000000e+00   3.2461569e-04   0.0000000e+00   1.8054913e-01
   0.0000000e+00   7.7165691e-02   1.1908948e-02   0.0000000e+00   0.0000000e+00   0.0000000e+00   6.5120345e-02   0.0000000e+00   9.1994292e-02   0.0000000e+00   0.0000000e+00   0.0000000e+00   1.9180521e-02   0.0000000e+00   9.3709017e-02   8.1754203e-01   2.5215587e-02   0.0000000e+00   0.0000000e+00   0.0000000e+00   0.0000000e+00   1.9930788e-02   0.0000000e+00   5.6610897e-02   0.0000000e+00   2.3392837e-02   0.0000000e+00   0.0000000e+00   1.2744762e-03   0.0000000e+00   1.7449846e-03
   0.0000000e+00   0.0000000e+00   6.8755105e-02   3.6615495e-02   0.0000000e+00   0.0000000e+00   1.8952603e-02   0.0000000e+00   1.7225931e-02   0.0000000e+00   0.0000000e+00   0.0000000e+00   2.9281754e-02   0.0000000e+00   9.9556394e-02   0.0000000e+00   7.0690921e-01   0.0000000e+00   0.0000000e+00   0.0000000e+00   3.6587502e-02   0.0000000e+00   0.0000000e+00   5.9888478e-03   0.0000000e+00   4.2156138e-02   0.0000000e+00   0.0000000e+00   0.0000000e+00   0.0000000e+00   0.0000000e+00
   0.0000000e+00   3.3353358e-03   3.1744169e-02   1.9343315e-02   0.0000000e+00   0.0000000e+00   0.0000000e+00   0.0000000e+00   1.6394361e-02   4.3795025e-02   0.0000000e+00   0.0000000e+00   3.5075616e-03   0.0000000e+00   1.5392152e-02   0.0000000e+00   0.0000000e+00   6.9772968e-01   0.0000000e+00   4.2333253e-02   7.9290586e-02   0.0000000e+00   0.0000000e+00   1.4576644e-02   0.0000000e+00   2.1210790e-02   0.0000000e+00   0.0000000e+00   4.3623667e-02   0.0000000e+00   0.0000000e+00
   0.0000000e+00   1.8458593e-02   0.0000000e+00   2.4436898e-02   0.0000000e+00   0.0000000e+00   0.0000000e+00   0.0000000e+00   2.4430472e-02   3.3270618e-03   0.0000000e+00   0.0000000e+00   4.2481078e-02   0.0000000e+00   4.5035815e-02   0.0000000e+00   3.9660445e-02   0.0000000e+00   6.8178297e-01   0.0000000e+00   0.0000000e+00   0.0000000e+00   0.0000000e+00   5.0065251e-02   0.0000000e+00   1.3658943e-02   0.0000000e+00   0.0000000e+00   9.0721542e-04   0.0000000e+00   3.0625833e-02
   0.0000000e+00   0.0000000e+00   0.0000000e+00   8.2083917e-03   4.7522278e-06   0.0000000e+00   0.0000000e+00   0.0000000e+00   0.0000000e+00   1.1995123e-02   0.0000000e+00   0.0000000e+00   4.3492891e-02   0.0000000e+00   0.0000000e+00   0.0000000e+00   4.4626677e-02   0.0000000e+00   0.0000000e+00   7.3828765e-01   7.1009999e-02   0.0000000e+00   0.0000000e+00   4.0915674e-02   0.0000000e+00   0.0000000e+00   0.0000000e+00   0.0000000e+00   1.0318323e-03   0.0000000e+00   5.2761602e-03
   0.0000000e+00   2.9308049e-03   0.0000000e+00   1.0523468e-02   0.0000000e+00   0.0000000e+00   0.0000000e+00   0.0000000e+00   9.5035922e-02   4.8884647e-02   0.0000000e+00   0.0000000e+00   6.4319930e-03   0.0000000e+00   6.8607435e-03   0.0000000e+00   0.0000000e+00   0.0000000e+00   0.0000000e+00   0.0000000e+00   2.7714301e-01   4.7065451e-02   0.0000000e+00   0.0000000e+00   0.0000000e+00   2.8571667e-03   0.0000000e+00   0.0000000e+00   0.0000000e+00   0.0000000e+00   6.3403617e-02
   2.7600566e-02   0.0000000e+00   0.0000000e+00   1.9399202e-02   0.0000000e+00   2.5159218e-03   7.3756207e-02   0.0000000e+00   1.4001706e-02   0.0000000e+00   0.0000000e+00   0.0000000e+00   2.6120050e-02   0.0000000e+00   4.0974243e-03   0.0000000e+00   2.0772990e-02   0.0000000e+00   0.0000000e+00   0.0000000e+00   4.9515695e-02   6.5282558e-01   0.0000000e+00   1.9428748e-02   0.0000000e+00   0.0000000e+00   0.0000000e+00   0.0000000e+00   2.8118123e-02   0.0000000e+00   2.4403916e-02
   0.0000000e+00   0.0000000e+00   6.0059685e-02   3.2078378e-02   0.0000000e+00   0.0000000e+00   0.0000000e+00   0.0000000e+00   1.1067315e-02   0.0000000e+00   0.0000000e+00   0.0000000e+00   4.6988864e-02   0.0000000e+00   3.7698338e-02   0.0000000e+00   2.7497493e-02   0.0000000e+00   0.0000000e+00   0.0000000e+00   1.1708642e-02   0.0000000e+00   6.8408184e-01   3.1038142e-02   0.0000000e+00   1.9522997e-02   0.0000000e+00   0.0000000e+00   0.0000000e+00   0.0000000e+00   1.9461776e-02
   0.0000000e+00   1.8696725e-02   7.9950258e-03   3.8548745e-02   0.0000000e+00   0.0000000e+00   0.0000000e+00   0.0000000e+00   0.0000000e+00   1.4367706e-02   0.0000000e+00   0.0000000e+00   2.9858308e-02   0.0000000e+00   5.8442636e-03   0.0000000e+00   0.0000000e+00   0.0000000e+00   1.7780050e-02   0.0000000e+00   1.1833143e-01   0.0000000e+00   0.0000000e+00   1.6641893e-01   0.0000000e+00   1.6498731e-02   0.0000000e+00   0.0000000e+00   0.0000000e+00   0.0000000e+00   1.3750208e-02
   0.0000000e+00   7.2710499e-02   7.3632118e-03   0.0000000e+00   0.0000000e+00   0.0000000e+00   0.0000000e+00   0.0000000e+00   2.3595989e-02   0.0000000e+00   0.0000000e+00   0.0000000e+00   0.0000000e+00   0.0000000e+00   1.7908673e-03   0.0000000e+00   9.8943589e-04   0.0000000e+00   0.0000000e+00   0.0000000e+00   0.0000000e+00   5.2071909e-02   0.0000000e+00   2.4081156e-02   5.1082721e-01   1.6678196e-02   0.0000000e+00   0.0000000e+00   1.2641297e-02   0.0000000e+00   0.0000000e+00
   0.0000000e+00   4.6032721e-03   1.0751828e-02   2.0281242e-02   0.0000000e+00   0.0000000e+00   6.3301594e-03   0.0000000e+00   3.4081223e-02   3.9913893e-03   0.0000000e+00   0.0000000e+00   5.8806933e-03   0.0000000e+00   0.0000000e+00   0.0000000e+00   1.3793539e-02   0.0000000e+00   0.0000000e+00   0.0000000e+00   3.0618192e-02   4.4047179e-03   0.0000000e+00   8.1553846e-02   0.0000000e+00   2.7082565e-01   0.0000000e+00   0.0000000e+00   1.8837279e-02   0.0000000e+00   3.4413256e-02
   0.0000000e+00   0.0000000e+00   5.7368282e-03   2.2627581e-02   0.0000000e+00   0.0000000e+00   0.0000000e+00   0.0000000e+00   1.5823703e-02   1.8425644e-02   0.0000000e+00   0.0000000e+00   2.2251624e-02   0.0000000e+00   0.0000000e+00   0.0000000e+00   2.3095829e-02   0.0000000e+00   0.0000000e+00   0.0000000e+00   1.1650416e-02   0.0000000e+00   0.0000000e+00   1.4124031e-02   0.0000000e+00   2.4761156e-02   7.6988985e-01   0.0000000e+00   0.0000000e+00   0.0000000e+00   0.0000000e+00
   0.0000000e+00   4.3607979e-03   1.7587703e-02   3.1982288e-02   0.0000000e+00   0.0000000e+00   5.5729695e-03   0.0000000e+00   2.4780051e-02   5.6383906e-03   0.0000000e+00   0.0000000e+00   2.6196302e-03   0.0000000e+00   5.8495685e-02   0.0000000e+00   5.0427345e-03   0.0000000e+00   0.0000000e+00   0.0000000e+00   0.0000000e+00   3.1656117e-02   0.0000000e+00   3.1347588e-02   0.0000000e+00   2.3603358e-03   0.0000000e+00   8.6620382e-01   0.0000000e+00   0.0000000e+00   1.3676387e-02
   2.7329063e-02   3.2597398e-02   0.0000000e+00   3.6384155e-02   0.0000000e+00   0.0000000e+00   0.0000000e+00   0.0000000e+00   2.2211484e-02   4.9613354e-03   0.0000000e+00   0.0000000e+00   3.8669683e-03   0.0000000e+00   2.8872022e-02   0.0000000e+00   0.0000000e+00   0.0000000e+00   0.0000000e+00   0.0000000e+00   5.2762893e-02   8.7860719e-02   0.0000000e+00   5.1928477e-02   0.0000000e+00   4.8105220e-02   0.0000000e+00   0.0000000e+00   5.7980188e-01   0.0000000e+00   0.0000000e+00
   0.0000000e+00   0.0000000e+00   0.0000000e+00   4.0233279e-02   0.0000000e+00   3.5740596e-02   2.2859018e-03   0.0000000e+00   7.7429694e-03   0.0000000e+00   1.7850987e-02   0.0000000e+00   0.0000000e+00   0.0000000e+00   3.4432509e-02   0.0000000e+00   6.9582887e-03   0.0000000e+00   0.0000000e+00   0.0000000e+00   1.0691634e-02   1.3919642e-02   0.0000000e+00   0.0000000e+00   0.0000000e+00   3.2262313e-04   0.0000000e+00   0.0000000e+00   2.0836409e-02   8.3320682e-01   1.9442730e-02
   0.0000000e+00   0.0000000e+00   3.9920368e-02   5.3856334e-03   0.0000000e+00   0.0000000e+00   0.0000000e+00   0.0000000e+00   0.0000000e+00   9.6695466e-03   0.0000000e+00   0.0000000e+00   7.4018693e-03   0.0000000e+00   1.2690491e-01   0.0000000e+00   1.0845745e-01   0.0000000e+00   0.0000000e+00   0.0000000e+00   5.9299700e-02   4.2674960e-02   0.0000000e+00   3.9898468e-02   0.0000000e+00   1.1253650e-01   0.0000000e+00   0.0000000e+00   7.0268338e-02   0.0000000e+00   8.6656690e-01
