  -8.4169997e-01
  -3.2585001e-01
   2.1913500e+00
   1.1188000e+00
   1.3045000e-01
  -1.5286500e+00
  -4.4280002e-01
  -1.8582000e+00
  -1.6562500e+00
  -5.3596499e+00
  -2.5534999e-01
  -1.5307500e+00
  -1.4310000e+00
  -1.6667500e+00
   1.0852000e+00
   1.1614000e+00
   1.9752000e+00
   5.7560001e-01
   1.6123500e+00
  -6.9365001e-01
   1.3871500e+00
  -1.5650000e+00
   1.0517500e+00
   3.7515001e-01
   9.3090003e-01
   2.2013000e+00
   1.7541500e+00
  -6.5940002e-01
   5.6400000e-02
  -9.0939999e-01
  -4.7004999e-01
   2.8050001e-02
   5.7795002e-01
   5.0360002e-01
   1.1615500e+00
  -8.1099999e-01
  -1.6624000e+00
   6.1845002e-01
   9.7395000e-01
  -3.6125000e-01
   2.5945000e-01
  -6.0450001e-02
   1.9995000e-01
  -1.8439999e-01
  -2.7405000e-01
   1.5598000e+00
   2.0603499e+00
  -1.6905500e+00
   8.1630000e-01
   1.0732500e+00
  -7.7355000e-01
  -5.8945000e-01
  -1.9225001e-01
   1.2120000e+00
  -9.6199998e-01
   1.3543500e+00
   1.3847000e+00
   1.0575000e-01
  -3.9320000e-01
  -1.6736000e+00
  -9.2155001e-01
  -6.4844999e-01
   1.5003000e+00
  -8.7439999e-01
   2.1245000e-01
  -1.5275000e-01
  -6.3749999e-02
  -2.7045000e-01
  -1.7724000e+00
   1.0465500e+00
   1.5563500e+00
  -3.7056501e+00
   4.4549994e-02
  -2.2512001e+00
  -1.1801000e+00
   2.0174000e+00
  -3.1405000e-01
   3.4080000e-01
   3.7295000e-01
  -5.0605001e-01
  -6.1044998e-01
  -1.8780000e+00
   1.2464999e-01
   2.9119999e-01
   8.1549998e-01
   1.8573000e+00
   7.3150000e-01
   1.8460000e-01
  -3.1760000e-01
  -3.9980000e-01
  -5.3399999e-01
   4.5585001e-01
  -1.7705500e+00
   1.3845001e-01
  -2.5772500e+00
  -1.6370500e+00
   8.2730001e-01
  -2.1595000e+00
   2.1647500e+00
  -1.0311000e+00
  -3.3480000e-01
  -1.2985000e-01
  -7.1094999e-01
  -7.0374997e-01
  -2.2049993e-02
  -1.8156500e+00
   1.9754000e+00
  -2.2695000e-01
  -9.7009999e-01
  -4.5205000e-01
   1.9070501e+00
  -2.5339999e-01
  -1.1392000e+00
  -7.9960001e-01
  -2.1160001e-01
  -1.9782000e+00
  -3.4280000e-01
  -2.6359500e+00
   7.1216500e+00
   3.0243499e+00
   1.9520500e+00
   6.6100001e-02
  -1.8030000e-01
   1.5240000e-01
  -8.0985001e-01
   2.1879999e-01
  -8.3680001e-01
  -1.4031500e+00
  -7.5785002e-01
   7.3074999e-01
   2.2382001e+00
  -1.0750000e+00
  -3.9685000e-01
  -2.8721501e+00
  -1.4110000e-01
  -1.3368500e+00
  -6.0155001e-01
  -5.8874999e-01
  -6.6900000e-01
   9.4050001e-02
  -1.2392500e+00
  -1.4999509e-04
   2.6104999e-01
  -2.0226500e+00
   1.4783000e+00
  -2.4346499e+00
   1.0532000e+00
  -7.4885002e-01
  -4.2399999e-01
  -3.9934999e-01
  -1.3109000e+00
  -1.1700004e-02
  -3.0430000e-01
   3.6515002e-01
  -1.0698000e+00
   1.0103500e+00
  -3.6750004e-02
  -2.4790001e-01
   2.4167000e+00
   9.2000000e-02
   5.0549999e-01
   8.8335001e-01
  -6.1010000e-01
   1.1784000e+00
  -2.1785001e-01
  -1.3838500e+00
   2.3722500e+00
   7.7410002e-01
  -3.9785500e+00
   3.4569999e-01
   2.0817000e+00
   6.6265002e-01
  -1.2078000e+00
  -8.8149999e-01
  -1.9532500e+00
  -2.3609999e-01
   9.3055001e-01
   8.8949999e-01
   1.3333499e+00
  -2.9855000e-01
  -5.9912500e+00
   2.7649999e-02
   1.1305000e+00
  -5.9215002e-01
  -1.0141500e+00
  -1.8514501e+00
  -4.3744999e-01
   1.2401000e+00
  -2.3152500e+00
  -1.6227000e+00
  -4.8644999e-01
   1.4211000e+00
   1.2814999e-01
  -1.3741000e+00
   1.7125500e+00
   2.4861500e+00
   1.4841500e+00
  -7.3890001e-01
   4.2850000e-01
  -2.1754999e-01
  -1.3464500e+00
   2.9100000e-02
   1.9668500e+00
  -1.8672501e+00
   7.0989999e-01
   7.6260000e-01
   2.5805001e-01
  -6.1940001e-01
  -3.0790003e-01
  -7.3749959e-02
  -7.1884999e-01
  -4.7355000e-01
   3.6109999e-01
   7.1894999e-01
  -1.3249500e+00
   1.1183000e+00
   9.0185001e-01
  -3.2600001e-01
  -6.1999999e-03
   2.1215001e-01
  -6.0960002e-01
  -1.1512500e+00
  -6.9639999e-01
  -2.3589998e-01
  -8.1634997e-01
  -1.9532000e+00
  -3.3312501e+00
  -8.1629997e-01
  -6.2402499e+00
   1.4110002e-01
  -4.8824999e-01
   1.1799500e+00
  -9.2685003e-01
  -1.2211000e+00
   1.5965500e+00
   1.8574999e-01
   1.0132500e+00
   1.0412000e+00
  -6.4090002e-01
   1.9392000e+00
  -1.6304500e+00
  -1.5890000e-01
  -8.1815002e-01
  -7.7050000e-01
   4.0239999e-01
  -1.2602000e+00
  -6.2510000e-01
   1.2192000e+00
   6.8310001e-01
   5.7490002e-01
   1.3964999e-01
   2.2833501e+00
  -2.2779500e+00
  -8.4790000e-01
  -1.4999500e+00
  -5.1965000e-01
   5.7259999e-01
   5.1859999e-01
   9.4350000e-01
   6.3899994e-02
   1.1996000e+00
   1.1029000e+00
  -9.5695001e-01
   1.8805000e-01
  -1.4265000e+00
  -1.5000001e-01
   1.5216500e+00
   1.3149000e+00
   1.2162500e+00
  -1.5050500e+00
   9.6364999e-01
  -1.2366000e+00
  -4.8400000e-02
   1.6646000e+00
  -1.8124999e-01
   7.7329999e-01
  -3.6348000e+00
  -1.2029500e+00
   2.8650001e-02
  -1.8123500e+00
  -3.8188000e+00
  -6.1430001e-01
   5.0100002e-02
  -6.7179999e-01
  -1.1139500e+00
  -1.4550000e-02
   3.9550003e-01
  -5.3664999e-01
   1.6967000e+00
   2.6837000e+00
  -1.8850014e-02
  -5.0324999e-01
  -1.2068500e+00
  -1.1166000e+00
  -7.6135002e-01
  -9.9999994e-02
  -5.7099998e-02
   2.7380001e-01
  -4.8750002e-01
  -1.9023000e+00
  -7.4648499e+00
   1.0902000e+00
  -1.5081001e+00
  -6.5999925e-03
  -1.6155002e-01
  -2.1374500e+00
   1.8525000e-01
   7.3215002e-01
  -1.3670501e+00
   6.9604997e-01
  -3.0604500e+00
   6.2600002e-01
  -1.2301000e+00
  -3.0749000e+00
  -2.5289997e-01
  -5.2214999e-01
  -3.2520000e-01
  -2.3449000e+00
  -1.8146000e+00
  -5.1749989e-02
  -2.9361000e+00
  -1.2569500e+00
   2.5045999e+00
   3.6698499e+00
   1.7146000e+00
   4.3692499e+00
  -1.3586500e+00
  -3.3229001e+00
  -5.4330003e-01
  -8.9565000e-01
   7.0910002e-01
   9.1495003e-01
  -3.9595001e-01
  -1.7600000e+00
   1.0036000e+00
   1.4935000e+00
  -4.3020001e-01
   2.6532500e+00
   1.5159999e-01
  -7.0845002e-01
   2.7010000e-01
  -2.0007501e+00
  -9.6329999e-01
  -6.9094999e-01
  -1.5711500e+00
  -1.9439998e-01
   1.4345500e+00
   2.8471500e+00
   6.9245002e-01
  -3.5565001e-01
  -1.7450000e-01
  -8.1490001e-01
   2.4550000e-01
   8.4984998e-01
   6.4810000e-01
  -1.0334998e-01
  -9.5500052e-03
   3.2450001e+00
  -3.7880001e+00
   1.3472500e+00
  -2.3487500e+00
   3.1232500e+00
   1.5130000e-01
  -7.8059998e-01
   4.1274999e-01
   7.6600000e-01
   1.1615500e+00
   2.1825501e+00
  -2.2909999e-01
   1.1964000e+00
   2.6384999e-01
   4.5571001e+00
   4.8790002e-01
   1.9623500e+00
  -5.5349998e-02
  -1.0420001e-01
   1.9033500e+00
  -7.5960000e-01
   4.3435000e-01
   2.9246500e+00
  -4.6309999e-01
  -1.9849001e+00
  -1.9875500e+00
  -1.7804000e+00
  -2.6092000e+00
  -3.6109500e+00
  -6.3105002e-01
   4.1555003e-01
  -1.6118000e+00
   4.7005000e-01
   2.7545000e-01
  -7.7795000e-01
   7.6300025e-02
  -7.9160001e-01
  -1.9191500e+00
  -1.7389998e-01
  -3.1488500e+00
  -2.5499001e+00
  -5.4314998e-01
   7.6100007e-02
  -1.4732500e+00
   3.6349982e-02
   9.1085003e-01
  -1.8636500e+00
  -2.0572500e+00
   2.7819000e+00
  -1.4341000e+00
   4.1751001e+00
  -1.9728500e+00
  -1.2781500e+00
  -4.6445000e-01
  -1.2123500e+00
   3.0754998e-01
   2.1090001e-01
  -1.0286000e+00
   3.4695000e-01
  -5.6945002e-01
   1.2212500e+00
  -3.6408000e+00
  -3.9974999e-01
   7.5949999e-01
  -5.8030500e+00
  -1.1890000e-01
  -1.4076500e+00
  -4.2400001e-01
  -1.0702500e+00
  -2.2320500e+00
   1.2015000e-01
  -2.1200001e-01
   1.7038000e+00
   1.6371000e+00
   1.2549000e+00
   7.5390004e-01
   2.7031499e+00
  -1.3935500e+00
   2.2235000e-01
   6.6530000e-01
  -1.1014998e-01
  -1.9115001e-01
  -4.7530000e-01
  -2.1355002e-01
  -7.2630000e-01
  -3.0550003e-02
   1.1840000e+00
  -4.1449999e-02
  -1.9684999e-01
  -4.8825002e-01
  -3.2916499e+00
   2.2785001e-01
   6.7739999e-01
   7.5900000e-02
   6.2499996e-03
  -1.4965500e+00
   1.2773000e+00
  -1.7189000e+00
  -3.7524500e+00
   1.0631000e+00
   2.0826499e+00
  -1.1118500e+00
   6.3844998e-01
   1.8539000e+00
   5.8859998e-01
   1.1817000e+00
  -1.7504500e+00
   7.6304998e-01
  -1.9396000e+00
  -9.5494998e-01
  -1.4396500e+00
  -1.3539500e+00
  -1.4789500e+00
  -2.9229999e-01
  -1.6719000e+00
  -2.4308500e+00
  -1.4560000e+00
   5.9850000e-02
   1.0700000e-02
   3.9944999e-01
  -9.2885000e-01
  -1.0907000e+00
  -8.8110003e-01
   1.7155000e-01
  -1.3622500e+00
  -1.4745500e+00
  -2.8144999e-01
  -1.4328000e+00
  -3.6630000e-01
  -2.2086500e+00
   5.6120001e-01
   3.0949995e-02
  -1.7703000e+00
  -3.1900004e-02
   2.9729000e+00
   4.9104998e-01
   2.0810000e+00
  -1.4754500e+00
  -2.3174999e-01
  -1.2534500e+00
  -5.7335001e-01
   1.0263500e+00
   2.6612999e+00
   8.1489998e-01
   1.9171000e+00
   2.6221000e+00
  -1.0660500e+00
   2.7135000e-01
  -1.1929500e+00
  -1.6315000e-01
  -1.9805001e-01
  -7.7875002e-01
  -9.0000001e-02
   1.3919000e+00
   1.0305000e+00
  -2.0470000e-01
   4.6110002e-01
   2.5473000e+00
   4.8008000e+00
  -1.9623001e+00
  -2.7364999e+00
  -3.2005000e-01
  -4.7164999e-01
   1.4405000e-01
   3.4600000e-01
   7.5659998e-01
   3.9345001e-01
  -2.2179000e+00
  -7.5614998e-01
   4.8204994e-01
  -1.9788500e+00
  -1.2989500e+00
  -3.7252500e+00
  -7.4515001e-01
  -2.2107500e+00
   1.8342000e+00
  -4.8705000e-01
   1.6495000e+00
  -8.2945001e-01
   3.7150001e-01
   1.8161000e+00
  -1.7740500e+00
  -1.3245000e+00
   2.5986500e+00
   2.2970500e+00
   3.0916499e+00
  -1.2375000e-01
   1.7646000e+00
   1.0349500e+00
  -6.6680001e-01
   8.8950001e-01
  -2.2335501e+00
  -5.8534999e-01
  -1.4772500e+00
  -1.2847500e+00
   2.2123500e+00
  -2.5213500e+00
  -2.6627500e+00
  -1.1098500e+00
  -4.0630000e-01
  -1.5032500e+00
  -3.1215000e-01
   8.1525001e-01
   1.2395500e+00
  -7.6359999e-01
  -1.3000000e-01
   1.5825500e+00
   2.2975000e+00
  -2.6485001e-01
   1.6339000e+00
   2.1612000e+00
  -4.3175000e-01
  -4.8645000e-01
   2.1430001e-01
   3.1875000e-01
   7.2619998e-01
   3.7476500e+00
  -2.0828999e+00
   1.1379500e+00
  -5.2054998e-01
   9.8265001e-01
  -1.6065500e+00
  -4.2089997e-01
   7.9799995e-02
  -2.1025000e-01
  -4.6180001e-01
  -6.6465002e-01
   1.7835500e+00
  -9.3254998e-01
  -1.0535000e-01
   3.9325000e-01
  -5.1048999e+00
   2.1509999e-01
   1.3713000e+00
  -1.4623500e+00
   3.8770001e-01
  -4.9610001e-01
   8.4995002e-01
  -8.8599999e-02
  -1.0664999e-01
  -3.7040000e+00
   1.0325000e+00
  -4.8708500e+00
   3.2705500e+00
  -1.9222000e+00
   2.8444000e+00
  -6.8005000e-01
   2.1850000e-02
   4.4584997e-01
   9.7704998e-01
   1.6868500e+00
  -7.8330000e-01
  -5.1950001e-01
  -1.5079499e+00
   7.8520001e-01
   1.0193500e+00
  -2.9020001e+00
  -2.2287000e+00
  -2.4015499e+00
   5.9049999e-01
  -1.9190000e-01
  -6.0240000e-01
   3.2659000e+00
   2.5239500e+00
   1.7840000e+00
   1.7825001e-01
   4.4094998e-01
   3.1655500e+00
  -2.9764500e+00
   7.7509998e-01
  -7.0880002e-01
   8.9999996e-02
   2.2275000e-01
   1.6810000e-01
  -1.5330500e+00
  -1.7154000e+00
  -1.6282001e+00
  -2.7696500e+00
   3.0917001e+00
  -2.3595499e+00
   7.3549998e-01
  -4.2180002e-01
   2.0669997e-01
   3.9645000e-01
   7.7315000e-01
   7.6550007e-02
   2.6328499e+00
   1.6962500e+00
   1.7130500e+00
   3.5868500e+00
   1.5023500e+00
   1.4500000e-02
  -1.0298500e+00
   1.1309000e+00
   9.2840001e-01
   2.4017500e+00
   1.9695500e+00
   2.0984000e+00
   4.6615001e-01
   2.7724501e+00
   2.0094000e+00
   1.2451000e+00
   2.8609999e+00
   1.8050015e-02
   2.3683000e+00
   3.9575000e-01
  -2.0330000e+00
  -8.0870003e-01
  -1.6015001e-01
   9.6130002e-01
  -1.9860001e+00
   1.0504000e+00
  -6.7759999e-01
  -5.1970001e-01
  -5.8335000e-01
  -2.4891500e+00
   1.7114000e+00
  -2.3450000e-02
   2.1734999e-01
   1.2193500e+00
   1.4910001e-01
   1.6425500e+00
   6.2679997e-01
  -2.0449001e+00
  -1.5807000e+00
   1.3721000e+00
  -1.8481000e+00
  -6.2165001e-01
  -3.0004001e+00
   4.2665000e-01
   8.0730000e-01
   3.3845001e-01
   5.5525000e-01
   1.5429500e+00
   8.3750001e-01
   1.0545000e-01
  -1.1029000e+00
  -2.8879999e-01
   1.7253500e+00
   1.8779500e+00
   2.4300500e+00
  -4.3404999e-01
   1.3685000e-01
   9.6199997e-02
  -5.9975001e-01
   7.1680002e-01
   7.1104998e-01
   1.8782000e+00
  -9.9210000e-01
   6.9824998e-01
   2.0650500e+00
  -2.6329500e+00
   1.1165500e+00
   3.3020000e-01
   1.0051500e+00
   1.1508500e+00
   6.9040000e-01
  -1.5344998e-01
   2.1387001e+00
   1.3780000e+00
  -1.2904000e+00
   2.3705499e+00
  -4.1618499e+00
  -7.4325001e-01
   7.3450002e-01
  -3.3800002e-02
  -4.4605000e-01
  -1.7933500e+00
  -5.6570003e-01
  -1.0600000e+00
  -1.4185001e-01
   1.0074500e+00
  -1.2786000e+00
   1.6921500e+00
   1.6557500e+00
  -7.7284999e-01
  -3.1614001e+00
  -6.0595003e-01
  -1.2750000e-02
  -1.9595500e+00
  -1.1826000e+00
  -3.7185000e-01
   2.0470001e-01
   1.2643000e+00
   2.8000001e-02
   1.3620500e+00
  -5.6745000e-01
  -1.1986500e+00
  -1.3055500e+00
   8.3399996e-02
  -8.6890000e-01
   2.7950000e-02
  -6.4884999e-01
  -5.9514999e-01
  -1.5997500e+00
  -6.2840003e-01
   2.2297499e+00
   1.5323000e+00
   7.5190002e-01
   1.7395499e+00
  -2.0488999e+00
   2.2562500e+00
  -2.2525000e-01
   5.7885002e-01
   2.3364998e-01
   2.6899999e+00
  -2.8620000e-01
  -9.1090003e-01
  -5.8370000e-01
  -1.3659000e+00
   2.0545000e-01
   8.7540001e-01
  -1.1127500e+00
  -5.3734998e-01
  -4.3935001e-01
   7.4654999e-01
   2.6645000e-01
   7.1685001e-01
  -6.6555001e-01
   2.3990000e-01
   6.7289997e-01
  -1.5022500e+00
   7.7474999e-01
   3.5450000e-01
   1.5302000e+00
  -1.1847500e+00
   3.8699985e-02
  -3.6255001e-01
  -1.5511500e+00
  -1.0840002e-01
   7.1240002e-01
  -1.0606501e+00
   1.7969500e+00
  -7.2665000e-01
  -4.0379998e-01
   6.9495003e-01
   1.2570500e+00
   2.1727000e+00
  -1.1198500e+00
  -4.6965000e-01
   3.7225001e-01
   8.3425000e-01
   6.2000155e-03
   1.0789000e+00
   1.1374998e-01
   2.3742500e+00
  -7.3260000e-01
  -2.9596500e+00
  -2.9111999e+00
  -4.3885000e-01
  -5.9865001e-01
   5.8634999e-01
   6.7749999e-02
   5.5950002e-01
   1.2608000e+00
   3.3140501e+00
  -1.7603500e+00
   4.2694999e-01
  -2.7105500e+00
  -1.6506000e+00
  -2.3434500e+00
   3.0152000e+00
   8.0585003e-01
   1.3680500e+00
   2.4940001e-01
   8.8209999e-01
   1.6500000e-01
  -5.5945000e-01
  -8.2889998e-01
   2.2254500e+00
  -3.5599999e+00
  -2.4250000e-01
  -3.0620000e-01
  -1.6805000e+00
   6.6980003e-01
   7.5349994e-02
   3.0005000e-01
  -9.1384998e-01
  -4.6635001e-01
  -7.2384998e-01
   2.2581000e+00
   1.1336500e+00
   2.8375499e+00
   1.9385000e+00
  -5.9185001e-01
  -2.1220000e-01
   4.6599999e-02
  -5.3700000e-02
  -1.4847000e+00
  -9.4015001e-01
  -6.4240000e-01
   2.5346500e+00
  -3.6149994e-02
   3.5399999e-01
   2.0030001e-01
  -1.1810000e-01
  -7.7584998e-01
  -6.4624999e-01
   7.3600002e-02
   1.4365000e-01
   1.1499000e+00
   2.0457500e+00
   9.2709997e-01
   1.2847000e+00
  -1.6198000e+00
   1.4842000e+00
   4.2266001e+00
   1.3971000e+00
  -1.6575500e+00
  -1.1224500e+00
  -4.4279999e-01
   1.8159000e+00
  -2.6735001e-01
   2.7247500e+00
   1.9845000e-01
  -1.3140000e+00
  -9.9465001e-01
  -2.8615001e-01
   3.9566000e+00
  -3.0120000e-01
   2.0473000e+00
  -8.0624999e-01
  -4.4944999e-01
   3.4194500e+00
   4.5134997e-01
   1.0350004e-02
   8.7195000e-01
   5.4104999e-01
  -2.2609999e-01
  -1.1546500e+00
   1.5312999e+00
   3.4773500e+00
  -1.0365000e+00
   2.7428501e+00
  -2.0836501e+00
   7.8665000e-01
   1.9169499e+00
   1.6808500e+00
   2.5401500e+00
   1.2819500e+00
   7.2520000e-01
   1.6548500e+00
   4.0350002e-01
  -1.0290000e+00
   1.7565000e-01
   2.0549500e+00
   9.7254999e-01
  -7.7855003e-01
  -7.1500003e-02
   3.9299998e-02
   1.2801000e+00
   4.0989999e-01
  -2.2320000e-01
   8.0455000e-01
   6.5159999e-01
  -1.0424000e+00
   3.2469999e-01
  -3.2905000e-01
   2.2146000e+00
   1.8396500e+00
   1.1422500e+00
   1.1248500e+00
   1.5712000e+00
   1.9599000e+00
  -1.3757000e+00
   1.7521999e+00
   3.6435001e-01
   3.0785000e+00
  -1.1690500e+00
  -1.5242500e+00
  -1.4591500e+00
  -5.4914999e-01
   1.1848500e+00
   8.0650002e-01
  -8.6269999e-01
  -1.9519000e+00
  -2.2821500e+00
   2.3302500e+00
  -2.4490002e-01
  -2.3229001e+00
  -4.5949001e+00
  -1.5843500e+00
  -3.9050005e-02
   1.1866000e+00
   5.8539999e-01
   7.7565002e-01
   4.9335000e-01
  -9.9755001e-01
   7.0529999e-01
  -7.4865001e-01
  -7.7674998e-01
  -9.9705002e-01
  -1.0332500e+00
  -7.7609998e-01
   7.9090002e-01
   2.3999959e-03
  -1.4044500e+00
   3.1369999e-01
   1.0567000e+00
  -9.4694999e-01
  -2.9796000e+00
   1.4080000e+00
  -2.7590000e-01
  -3.3281000e+00
  -3.6310999e+00
   1.2429000e+00
  -5.9400000e-01
   1.0836500e+00
  -7.1855000e-01
  -1.9105000e-01
   6.6734999e-01
   9.8784998e-01
   9.5994997e-01
  -1.9569500e+00
  -1.7127000e+00
  -4.7999993e-02
   2.8230001e-01
  -3.6120000e-01
   2.2580001e-01
  -1.2705000e+00
  -1.7007500e+00
  -1.0759500e+00
  -4.2170000e-01
   5.5149999e-02
  -1.6556500e+00
  -2.8590000e-01
  -2.4653000e+00
   2.7260500e+00
  -2.2470001e+00
   2.3649991e-02
   2.1184000e+00
  -7.7350000e-01
  -3.4999996e-03
   1.0220500e+00
   2.0660000e-01
   1.6429500e+00
   5.5970000e-01
   5.4330000e-01
  -3.1707000e+00
  -8.7215000e-01
   1.1573000e+00
   2.6963500e+00
   1.0766000e+00
   3.2114999e-01
   1.0592000e+00
   1.0404500e+00
   1.0721500e+00
   2.9955000e+00
   1.2004000e+00
  -3.0397999e+00
  -7.9349995e-02
  -3.2917500e+00
  -1.1404500e+00
   1.1270000e+00
   1.0587000e+00
   9.8999999e-02
   1.2702000e+00
   1.1934000e+00
  -3.1850001e-02
  -6.9734998e-01
   1.0817000e+00
   3.1144999e-01
   2.2016500e+00
  -2.0710000e+00
  -4.8069000e+00
   1.9974000e+00
   1.5675000e-01
  -3.3595000e-01
   5.9549999e-01
  -2.7350000e-01
   6.5124999e-01
  -5.4465002e-01
   3.2793000e+00
   2.4078500e+00
  -2.7869500e+00
  -2.7183501e+00
   2.2610001e-01
  -3.4074999e-01
  -4.9160000e-01
  -3.9425001e-01
   1.3095000e+00
  -1.3226000e+00
  -7.9174998e-01
  -1.4756000e+00
   2.4181499e+00
  -8.5190001e-01
   1.1606000e+00
  -7.5920001e-01
   3.0100000e+00
   3.1493499e+00
  -7.2434998e-01
   3.4370000e-01
  -6.6435000e-01
  -1.0141000e+00
  -1.6232500e+00
  -2.7449999e-01
   3.4880001e-01
  -9.7139998e-01
   6.9100000e-02
  -2.2020000e+00
  -1.4475500e+00
  -9.2485002e-01
  -7.2564998e-01
  -5.1349999e-01
  -1.5670500e+00
  -4.2984998e-01
  -1.3664500e+00
   7.1184999e-01
  -1.0747500e+00
  -2.9489999e-01
   2.3400000e+00
  -1.9285000e-01
  -4.7551999e+00
   6.9740000e-01
  -4.9879999e-01
  -3.1485000e-01
   1.6911000e+00
   1.0349500e+00
   2.8350000e-02
  -1.5760000e+00
  -5.6435001e-01
   1.2099500e+00
  -1.5838999e+00
  -5.3250000e-02
  -3.1882000e+00
  -4.6550006e-02
  -6.1284998e-01
  -7.1400000e-01
  -2.8400000e-02
   7.2215000e-01
   3.2095000e-01
  -2.1110001e+00
  -7.4605003e-01
   3.1368500e+00
   1.4308000e+00
  -5.7670000e-01
  -3.6225001e-01
  -9.1250002e-02
  -3.2580000e-01
   7.0580003e-01
  -4.8199996e-02
  -2.5562000e+00
  -5.9129998e-01
   4.8735000e-01
   7.7270001e-01
   1.6761500e+00
   5.5689999e-01
   3.9135000e-01
   2.3278000e+00
   2.4958000e+00
  -7.4544999e-01
   2.7950001e-01
  -1.1174000e+00
  -1.0071000e+00
   8.7370002e-01
  -3.1799999e-01
  -3.3386999e+00
  -1.6611000e+00
  -2.1939000e+00
  -1.8337000e+00
   3.3665003e-01
  -2.8401999e+00
  -1.0417500e+00
  -9.9225000e-01
  -9.4025001e-01
  -5.7425000e-01
  -4.7470000e-01
   8.9680001e-01
   2.4947001e+00
   7.0575002e-01
  -1.4615000e-01
   7.7730000e-01
   3.1251501e+00
   7.5174999e-01
   1.9488000e+00
  -2.3490001e-01
   3.1590001e-01
  -1.5420000e+00
  -4.0115999e+00
  -2.0994999e-01
  -4.0504999e-01
  -4.0510000e-01
   1.2962500e+00
  -1.5482500e+00
  -1.6575000e+00
  -9.3165001e-01
  -8.0695000e-01
  -3.2019999e-01
  -1.9020000e+00
  -6.5790001e-01
  -2.2106999e+00
   1.0615000e-01
   4.9890000e-01
   7.9444999e-01
   8.2949996e-02
   3.8763500e+00
   4.5780000e-01
   4.8730001e-01
  -2.5024999e+00
  -7.6439998e-01
  -2.3115500e+00
  -4.3394999e-01
  -9.9640003e-01
  -4.0916499e+00
  -3.7887501e+00
  -1.1083000e+00
  -3.5179001e+00
   6.5114999e-01
  -2.6709999e-01
  -1.6500004e-02
   8.6820000e-01
   1.0159000e+00
   6.9630000e-01
   1.1154500e+00
   2.9355000e+00
   8.5589999e-01
   1.1712500e+00
   1.7135000e+00
  -3.8281500e+00
  -5.1029000e+00
  -7.6839998e-01
   2.2304500e+00
   4.3440001e-01
   6.1560002e-01
   1.6415501e+00
  -1.6859999e-01
   3.6890002e-01
   5.5349998e-02
   7.0955002e-01
  -1.0229000e+00
  -4.6476500e+00
  -2.7898000e+00
  -2.8210000e-01
  -1.7684999e-01
  -1.3683500e+00
  -1.1181000e+00
  -1.8834999e-01
  -1.0735000e+00
  -2.7705000e-01
   1.6806000e+00
  -1.9941500e+00
   7.2554998e-01
   8.0250001e-01
  -1.0181500e+00
  -1.3476000e+00
  -1.2124500e+00
  -4.0075001e-01
   2.3942000e+00
   2.4909500e+00
   1.3865500e+00
   1.1247000e+00
  -1.2422000e+00
  -1.2869500e+00
   1.6053000e+00
   6.5175000e-01
   2.0710001e-01
  -9.4164997e-01
   1.8446000e+00
  -1.0585500e+00
   4.7900000e-02
   3.7175000e-01
  -8.0759999e-01
  -1.3129999e-01
  -2.8675000e-01
   1.5544000e+00
   1.1500000e+00
   2.8070001e-01
  -1.9227501e+00
   1.0466500e+00
  -4.6720000e-01
  -5.5209999e-01
  -1.0039000e+00
   8.6599998e-02
   1.1753000e+00
   8.8024999e-01
  -3.8445000e-01
  -1.9890000e-01
  -1.7849982e-02
  -7.8504999e-01
  -6.9460002e-01
  -1.0002000e+00
  -2.6218001e+00
  -1.3642500e+00
  -1.6369500e+00
   2.0850003e-02
   1.1953500e+00
   1.2528000e+00
   1.0648500e+00
   1.5221000e+00
  -5.2051001e+00
  -1.8139000e+00
   4.8210000e-01
  -5.8120000e-01
  -5.5285001e-01
   9.3099999e-01
   5.1575001e-01
  -1.9765001e-01
   2.5210000e-01
  -1.0542500e+00
  -9.2420001e-01
  -6.8650002e-02
   2.2707500e+00
  -2.5731499e+00
  -2.3682001e+00
   1.1229000e+00
   1.4220000e+00
   6.4155000e-01
  -6.3564999e-01
  -4.9730001e-01
   1.3789500e+00
   2.4230000e-01
  -6.8850003e-02
   9.8319998e-01
  -1.6835999e+00
   2.2733500e+00
   1.3285500e+00
   1.7209000e+00
   2.0510000e+00
  -1.0265000e-01
  -5.1235002e-01
   4.0725000e-01
  -2.6330000e-01
   6.5450001e-01
  -9.9740002e-01
  -1.1219500e+00
  -4.9414999e-01
  -3.9360000e-01
   4.3279999e-01
  -2.2899500e+00
  -1.1586500e+00
  -2.4369997e-01
  -1.1302500e+00
  -8.8289997e-01
   5.3144999e-01
  -6.4410001e-01
   1.9400001e-02
   1.5194999e-01
  -1.2105000e-01
  -1.7058500e+00
  -9.1290000e-01
  -7.0664999e-01
  -4.4130000e-01
  -5.8619998e-01
  -3.6770000e-01
  -6.9960000e-01
   4.7775002e-01
   9.3050003e-02
  -5.4049999e-02
   1.5395000e+00
   6.3240001e-01
   2.4175001e+00
  -3.1680501e+00
   4.0249997e-01
   1.4483000e+00
   1.3648000e+00
  -1.1184000e+00
  -3.5800000e-01
  -4.8375000e-01
  -1.4911500e+00
   8.2560000e-01
   1.1455000e+00
  -3.7039499e+00
   2.7423500e+00
   1.5665500e+00
  -1.6665000e-01
  -3.1850003e-02
  -1.1870000e-01
   2.7296499e+00
  -1.3974000e+00
  -6.0300003e-01
   8.3864999e-01
  -5.7294999e-01
   2.0947500e+00
  -1.0733500e+00
  -1.0579000e+00
   1.7075000e+00
   9.6739998e-01
   1.1525000e+00
   1.3990500e+00
   2.0350000e-02
  -7.7744997e-01
  -8.7825000e-01
  -1.8853500e+00
   3.8779999e-01
  -2.1743500e+00
   1.1367500e+00
   2.0214999e-01
   1.8666999e+00
   9.6294999e-01
   2.4294999e-01
  -1.6127500e+00
  -1.0838000e+00
  -5.7820001e-01
  -1.8537000e+00
   3.2805000e-01
   9.8140001e-01
  -1.5398500e+00
   7.3080000e-01
  -2.3999959e-03
  -8.3350000e-01
  -7.4245001e-01
  -6.4310000e-01
  -9.2850000e-01
   8.0550004e-02
   8.0640000e-01
   8.5145003e-01
  -4.7055000e-01
  -1.2622500e+00
  -2.1651000e+00
   1.2764500e+00
   4.5700000e-01
  -9.1805002e-01
   6.0850000e-01
   1.2395000e-01
  -6.0860001e-01
   2.0239000e+00
   2.1104999e-01
   2.4150002e-01
  -3.9359999e-01
   4.6115001e-01
   1.3560000e+00
   2.0497500e+00
   1.5119500e+00
   1.8418500e+00
  -5.4044999e-01
  -5.2034999e-01
  -6.1019999e-01
  -1.1055500e+00
   3.5624999e-01
   6.3245000e-01
  -2.9140000e-01
   2.7145000e-01
   8.8490000e-01
   8.0505002e-01
   3.0080001e-01
   1.5394500e+00
  -2.2406501e+00
  -1.7400001e-01
   3.6304500e+00
   1.0349000e+00
   6.6415000e-01
  -7.8210001e-01
  -1.2329500e+00
  -4.6699999e-01
   9.3349993e-02
   1.6700000e+00
  -2.2420001e-01
  -9.2310001e-01
   8.6510000e-01
  -2.9398000e+00
  -1.3173500e+00
  -1.0435000e+00
   1.4750000e-01
  -1.0390002e-01
   1.6382501e+00
   2.4850000e-01
  -1.3079000e+00
  -1.2526500e+00
   2.4710500e+00
   6.5094998e-01
  -1.6023000e+00
  -1.0966000e+00
   2.6529499e+00
   2.4245000e+00
   2.4662000e+00
   5.6870001e-01
   2.9419000e+00
   1.6987000e+00
   2.0406000e+00
   5.3820002e-01
   2.7216001e+00
   3.5311500e+00
  -1.9059999e-01
   8.0375001e-01
  -1.8580000e-01
  -2.2270000e-01
   1.7195000e-01
   1.8556500e+00
   1.6730000e-01
   1.3440000e-01
   3.1231500e+00
   1.1278000e+00
   2.6902499e+00
   3.7600000e+00
   1.7435000e+00
   8.6225002e-01
   2.6095001e+00
  -5.9770000e-01
   1.0417500e+00
   2.1265500e+00
   1.8168001e+00
   7.0440000e-01
  -2.7459999e+00
  -2.8596500e+00
  -7.5254998e-01
   3.7930000e-01
  -2.1599000e+00
   1.6428000e+00
   9.0064999e-01
   1.0421500e+00
   2.0619000e+00
   7.9629999e-01
  -1.7764997e-01
  -2.0469996e-01
   2.2889500e+00
   1.1923500e+00
   1.8698000e+00
  -1.3084500e+00
  -1.6691500e+00
   1.8426500e+00
   3.7150001e-01
   6.7045000e-01
  -6.5485001e-01
   1.0540500e+00
   6.6779998e-01
  -1.4336500e+00
  -1.0348500e+00
   4.5000000e-01
   6.1325000e-01
  -1.1558000e+00
   1.2199998e-02
   1.2414500e+00
   1.2576000e+00
  -9.8885003e-01
   4.7129999e-01
   1.2602000e+00
  -7.1875000e-01
   1.3236000e+00
   1.5758000e+00
   1.4254000e+00
   2.0298500e+00
  -1.6582000e+00
   2.4672000e+00
   2.8950006e-02
   1.1254500e+00
  -4.5065001e-01
  -1.1282000e+00
  -1.5134500e+00
  -2.0949997e-02
   1.2706000e+00
   1.8029997e-01
   5.6069998e-01
   2.7351000e+00
   9.6620001e-01
  -6.5550001e-01
  -6.5949999e-02
  -4.7795001e-01
   7.2920001e-01
  -1.6825000e-01
  -2.7239999e-01
   2.4361000e+00
   2.5705000e-01
   2.0477500e+00
   1.9100000e-01
   4.4510001e+00
   8.6000040e-03
   1.7504500e+00
   3.4583000e+00
   2.0297499e+00
   1.2768500e+00
   1.1334000e+00
   1.5369999e+00
  -1.0857500e+00
   2.0020000e-01
   1.5690500e+00
   5.6970001e-01
  -1.7663000e+00
  -5.7940000e-01
   2.6058000e+00
  -1.9819000e+00
  -9.9185002e-01
  -1.1534000e+00
  -1.8998000e+00
   4.2270000e-01
   1.2027500e+00
   1.7111000e+00
   1.5109000e+00
   5.5430000e-01
   4.2589999e-01
   1.2737500e+00
   4.1270001e-01
   1.2220000e-01
   7.4804997e-01
   2.2204000e+00
  -1.2314999e-01
  -3.2310000e-01
  -1.2150500e+00
  -1.9745000e-01
   1.0524500e+00
   3.2345001e-01
   1.2472000e+00
   2.9215499e+00
   1.4418500e+00
   2.9899999e-02
   1.0710000e-01
   1.3500500e+00
   4.8325001e-01
   8.5494998e-01
  -8.2150000e-01
  -1.6836501e+00
   1.8182500e+00
  -2.2605500e+00
  -4.2364998e-01
  -3.2580500e+00
  -1.1533000e+00
   3.3639999e-01
   3.0770001e-01
   2.2198000e+00
  -5.8420003e-01
   1.7872000e+00
   1.4470500e+00
   7.5115001e-01
   9.4200003e-01
   1.4130000e+00
  -3.7370000e-01
  -1.0164000e+00
   2.4311000e+00
   3.0269001e+00
   5.5880000e-01
   3.8147500e+00
   3.0784500e+00
   4.2481499e+00
   1.2038500e+00
   6.6374999e-01
   9.9579999e-01
  -1.0539501e+00
   2.6455500e+00
   5.8014998e-01
   2.9021000e+00
   3.4023000e+00
   1.8813500e+00
   1.8109000e+00
   8.8064998e-01
   1.4037000e+00
   8.6565000e-01
  -4.0664999e-01
   2.4776000e+00
   1.9657500e+00
   1.1071499e+00
   4.2465001e-01
  -1.3810001e-01
  -1.0929000e+00
  -1.4390000e-01
   1.3597500e+00
  -7.6690000e-01
   9.7695002e-01
   1.5381000e+00
   1.6060000e-01
  -1.2955500e+00
  -1.6478500e+00
  -3.1350000e-01
  -1.0846000e+00
  -1.2945000e+00
   3.8679999e-01
  -1.5435000e-01
   6.5700001e-01
  -3.3270000e-01
   5.1135002e-01
   4.3250000e-01
   2.1125000e+00
  -1.8934500e+00
   2.0529000e+00
